x0=[0.1 0.2 0.4 0.6 0.9 1.3 1.5 1.7 1.8]'

x0 =

    0.1000
    0.2000
    0.4000
    0.6000
    0.9000
    1.3000
    1.5000
    1.7000
    1.8000

y0=[0.75 1.25 1.45 1.25 0.85 0.55 0.35 0.28 0.18]'

y0 =

    0.7500
    1.2500
    1.4500
    1.2500
    0.8500
    0.5500
    0.3500
    0.2800
    0.1800

[amin fval]= fminsearch(@sr,[1,1],[],x0,y0)

amin =

    9.8974   -2.5319


fval =

    0.0183

diary off
