A = [2,-6,-1;-3,-1,7;-8,1,-2]

A =

     2    -6    -1
    -3    -1     7
    -8     1    -2

b=[-38;-34;-20]

b =

   -38
   -34
   -20

PPGaussNaive(A,b)

Pivot =

     2    -6    -1   -38
    -3    -1     7   -34
    -8     1    -2   -20


Aug =

    -8     1    -2   -20
    -3    -1     7   -34
     2    -6    -1   -38


ans =

     4
     8
    -2

diary off
